5752:521944 25 400550 23707 14 294426 548770 310068 286761 514380 355498 1117 645085 448 214950 516832 632758 187564 230588 665419  
6572:28263 144 255 297176 8271 25 1430 3870 8431 590931 4690 725 2078 3520 14 502910 626655 371 1483 673153 4450 387656 496814 1694 2110 671492 269669 236108 361563 285 652320 667 35029 1666 2236 3638 342645 345343 390153 392338 432445 440 669726 32292 17737 457222 3085 297857 158211 77512 188 591674 61 390912 283582 496294 12469 350535 150242 372783 223404 222 204037 2736 338051 690105  
6581:266 144 14 25 440 547585 478732 345 457121 549898 473 1449 128232 578778 347380 485844 350760 30695 48219 535331 89191 360 568970 276 578745 531615 50220 16666 7283 177053 629840 176823 206147 2077 52380 224997 675033 519434 437 1665 190663 140267 16866 616774 209 155368 244944 2090 507269 103917 584 1392 235066 634850 205079 568241 373969 319753 923 358091 468519 155159 908 602473 557213 641976 435860 255 275892 9717 162501 536750 2129 1466 37872 40012 608384 432157 139502 126168 1764 119146 117777 536733 2320 229333 951 600960 356866 143818 201796 1749 2797 75084 442551 96794 1935  
2319:266893 14 1119 262008 127 442 414275 25 355132 424794 371510 32877 25257 533706 1158 11818 1184 188 156716 123011 499543 389566 25129 570323 184624 189 243878 94297 1235 518058 84673 288393 664665 440 2518 461063 9005 176333 372814 1969 608497 160614 230145 2091 580207 437 620991 437668 385003 371 301148 1292 389520 468546 5274 145962 249679 139490 256 370312 1464 126985 6918 59425 85 359027 347814 567 3600 108098 490852 1668 552940 270679 390 952 514159 722 1727 320181 9099 2947 645190 533342 687607 695069 638115 73590 227139 439683 144 556426 434739 456464 544971 283607 427985 248042 436 418744 153739 70981 497756 2237 264084 623873 94864 351590 371001 219746 373161 284471 518545  
6485:152243 25 161833 38526 464757 471175 341 90528 24064 249207 695633 345 255 87844 222658 628731 681935  
7478:40468 239667 300876 60904 205084 14 51006 13719 324418 78947 174394 390 607350 198983 261048 377951 135936 512091 299806 362255 86465 276 170574 285 159188 80192 478519 1666 437285 397678 271345 25 633761 85 245639 426621  
5178:1555 2255 14 40587 154450 25 604726 384 338540 2293 364532 622310 12621 672537 412681 23652 8263 497694 513531 571262 1392 255 495124 2771 651247 83348 256 524141 314386 341 685074 161157 240988 664165  
5096:564450 583835 628729 3337 671509 626202 47917 384117 25 14 590669 203039 654808 95318 1248 190948 96419 59902 8083 364711 85 34682 46157 2691 2744 360 442 667878 590718 3285 9556 153552 127 439038 52948 7419 434783 402303 461518 438932 319597 632294 284561  
360:515178 255 152264 168897 266960 598035 285 747  
7305:621982 8713 14 85 293639 3513 50287 3451 2405 2707 352881 90018 423633 393363 19682 469329 2392 465449 256 121720 84680 1876 239773 223653 691176 590712 25 437 212172 476839 336408 544842 99189 663061 550755 3336 635417 517199 105256 25675 24610 562840 6891 234970 584 360 4642 262750  
9562:254237 629205 25 58782 519757 1039 433149 21453 448 489619 16235 553561 163940 243531 384 262298 467788 70872 406861 422701 605771 2080 14 189 653485 79646 454060 173372 3328 176151 7859 512424 284323 664531 459512 33506  
1872:341822 2295 354190 240551 9461 1450 25 14 319041 437 44465 90181 464298 85152 436 440 234568 570 1449 1750 18381 410399 1812  
126:3333 36931 4007 906 25 555380 387771 89108 644962 202520 403772 19328 630739 14 487916 399716 654869 448 636284 126086 246564 32286 19096 3008 536304 214337 116323 89348 256 412319 497432 3464 5951 614034 131546 499023 2018 279728 222 377889 65725 436395 28058 474377 501619 581750 567 7100 296120 618379 452325 2884 391109 329242 360 375829 265749 214437 1740 341919 24902 550883 341 3669 1449 443712 1824 94444 34687 255 53756 111611 172465 25087 109741 6081 323301 89010 493979 1522 2675 211333 295065 11267 609 165262 390 156788 285 51401 970 107812 426943 601294 88206 2689 7116 472 2090 391574 413 618110 28927 2156 612614 665460  
9321:652203 275250 571760 457909 25693 663809 507439 55316  
5022:579494 18231 61 540133 4723 136556 468966 363256 411427 223538 1406 269340 25 969 2946 194212 72408 53604 117306 190953 14 209 598628 30209 360622 133445 626446 1668 404232 189 420324 305861 2675 360 647228 233371 147275 211714 3470 440 177304 482039 524188 844 127674 474320 395130 325036 354832 219380 545016 82570 606804  
7316:618916 626500 579460 270036 6864 2576 601195 189 440070 105210 688982 167865 289071 350109 616738 524764 51738 426420 360 1969 558685 2567 318831 508814 595137 388228 445835 165199 556678 7107 14 484418 2735 582420 655790 210456 54100 501171 489848 371494 204107 587892 266271 92261 391113 4679 11153 487892 145969 646127 908 646773 564696 139662 7311 233404 206819 693501 255 276 61 462003 2  
6873:341715 10373 437 170294 272453 87762 680297 25 60079 655041 14 7833 567 360 3894 138335 682615 175973 171892 256698 5567 371418 566798 595761 151979 38138 223121 511648 150129 15643 314852 0  
9737:399072 156060 25 288823 500 671459 624651 266 95014 607802 84354 14 621991 696272 694082 681141 3033 144 180354 101680 647063 584854 412096 138168 375474 2516 2186 24828 658991 2252 656196 135770 209208 448 184346 481560 567 696630 596056 28528 564807 462391 506900 562163 113586 437896 3285 20927 415579 37557 293978 61 446048 644422 52383 15755 498850 480575 318571 637678 179307 390 533290 360524 289706 276 1393 643228 629726 15668 53943 302321 10810 258334 379170 969 616211 412655 156499 577146 374974 620130  
715:12773 551793 999 73121 303369 5361 350741 25 127 304881 90623 203115 674 441 261024 16755 6793 13026 398572 16444 377874 478341 3387 967 575541 384 2366 437 425410 623569 13815 275000 106406 386550 604927 14 491953 23098  
3979:1820 649054 131637 691201 203461 14 640985 12581 459170 287884 45389 3778 697251  
4465:618698 604983 484883 217631 261419 9003 556862 1392 2770 14 255 479442 697159 189 643646 518817 41444 691305 239792 263593 504459 469584 659998 25 12299 554288 75428 2311 77388 89624 567390 413 674716 176754 3176 127 1324 144 236 31940 380  
9250:544954 14 338139 25 116893 5799 1119 2024 527346 189165 2949 653907 213110 456346 687 591167  
9756:7606 25 106311 1999 92136 567 41833 309354 256 222 2194 131090 1521 7552 3973 242825 14 952 548603 276 953 90464 140860 411848 49804 293360 404586 362130 178415 300338 4488 136406 584 399996 507842 14920 173262 466180 617534 461384 2377 670256 275313 646256 18387 16869 483000 431280 127078 597124 20157  
9209:677503 486738 156931 14 171193 15880 256 233848 193544 628923 223793 584 379743 332383 181978 291894 1692 25 19668 500 441375 13476 206617 623173 449161 695707 49897 10029 272075 627 561458 291917 257665 777 436 82829 73198 392412 435369 1052 296776 674312 186531 437 271908 2061 119149 341746 638845 33524 12824 168621 681460  
8823:383819 25 321865 785 697689 210720 537565 5461 588966 693974 673219 14 1519 574964 567 2078 384212 26817 3265 189 437 384 116190 85 298950 270090 169856 35687 211978 19597 395751 312424 1666 679067 612933 130079 3337 545487 276613 389916 22571 148371 195487 446523 640071 142214 1449 2576 302802 29509 131390 497013 285 328878 633495 2502 584 345 360 3516 8634 503817 66015 338371  
2419:48530 185346 533161 25 31255 6606 5383 408372 298767 79775 439896 569040 2577 448 14 360 91423 2453 139028 101355 48934  
7278:479221 85 176655 98770 551119 433929 659282 479714 37013 11624 671704 358979 139032 76213 337110 299233 659907 39550 490129 276 595013 487009 441797 5172 395686 14 2384 220384 25 92820 139953 353800 437 235133 659633 4132 223029 371 333016 641576  
4151:478943 594897 28070 4948 398415 2885 14 458810 627946 483590 30224 548213 672045 508737 21354 2393 525625 168242 469055 293750 593272 311412 60926 315669 568218 670477 7290 590597 25 40225 5192 67461 38178 3953 36318 317205 459411 12023 88618 4102 257951 91623 251265 23178 289215 94720 71151 63591 283358 61493 317455 19733 14580 263455  
4061:390 574401 25 65301 14 25943 82969 2292 204611  
5128:13438 8616 25 14 5539 1810 189 656148 330706 442 9561 429429 322144 429404 568591 191320 595412 383073 1465 528816 583996 1391 242545 658095 279590 375389 227060 481507 1121 364970 59302 321501 176319 7167 65152 548632 543522 266 560878 144486 2690 2714 360 548699 528344 115110 601225 64587 644873 513611 516081 337878 2492 104531 589949 164380 139385 3599 371 181101 7745 423579 359118 447395 969 245385 653708 125630 777 432944 318163 966 252424 280172 1123 6891 38954 8569 535879 350653 326569 385465 161229 128561 599240 2567 652640 585483  
7937:623422 290707 1391 605186 293234 335424 154738 627 222219 688023 358124 172048 25 36464 554411 108168 262833 636562 372530 459159 63944 14 393355 534114  
7087:41078 2188 341 683449 6107 25 160590 306674 151359 526051 629560 14 622914 5687 681289 2442 439198  
5005:627 448 204837 14 368175 521012 32777 304050 422350 255 253132 2077 3748 436 85 256 451220 93773 25 223970 513762 584 144 127 2882 166413 648696 283746 413 11965 110264 628079 426141 11907 905 15713 188 582240 593849 388732 6006  
1888:170710 661879 25 49974 413 211998 1372 381498 694925 468329 676378 1387 2252 131160 494955 642495 2836 594802 315566 127 697343 584 360 85 188 41066 567 279020 648644 418724 437 220819 663465 7453 2185 371 1821 1406 2001 384 722 676338 433819 489603 634996 1819 2394 2690 1754 505979 623126 315263 697369 276 2121 7396 457720 167953 668821 550670 14 656581 52031 595533 330767 29369 634058 2392 6698 724 362269 611630 61 291195 180246 507004 664676 505412 657830 464579 2924 236384 35747 14880 164958 693755 166601 677186 202446 3939 2595 1391 5554 16911 267790 640871 343500 514355 533294 690519 472960 325778 255 273890 237862 56813 3187 603221 4779 428687 6610 4515 390 345 523266 448502 844 510615 318341 608028 110627 278729 353247 433354 512168 501488 607 4421 349109 564727 1678 295288 221585 378073 468386 66576 337756 554320 51489 514097 541326 1990 70097 213337 643804 492484 658423 1447 696277  
9882:82327 59066 14 472 3027 1137 777 25 285 320713 1393 322100 485697 101037 125811 78939 516305 1086 454089 241449 163315 366402  
1243:467547 332208 674 590703 95783 2292 265237 25 426872 267969 16508 139065 204567 540565 382501 476545 372642 567 572426 676219 667 56593 2770 254687 470221 280896 12836 507075 3231 1969 450291 16235 39417 684213 48871 4082 260104 14 430609 246980 15744 142323 580143 498946 72720 2743 147776 18857 357412 247893 8207 721 387599 585805 434812 563044 260912 11511 266541 29015 3236 3328 267168 441365 289436 19467 2349 285 60171 1168 278346 672632 33203 290737 296953 697956 278801 636979 6251 3339 613856 516610 629044 396585 646892 632103 71804 247313 446575 288199 15521 222 678493 134272 276110 189 355187 173129 93690 533092 2311 456461 256435 3343 104475 844 57033 2252 437 179115 81846 11314 1181 168198 55681 260105 437475 64845 5884 24165 131818 568 4507 55307 27851 26668 3337 224650 680423 91249 442406 576891 332720 598694 518696 469953 2167 242500 266325 536219 515842 412436 1370 416815 294409 173708 188 360239 102016 80118 302400 425899 262796 97727 184891 3019 80742 34496 353045 5307 581400 452146 61 3008 13430 2166 2384 109 633817 634995  
9567:213500 342905 478151 468836 125144 359087 189265 386833 238829 19800 25 969 188093 457641 309733 261245 215574 242250 435967 142921 251713 406092 8432 410980 14 28255 608 408974 679663 31738 278399 1524 651607 602345 328193 340224 194765 360584 273210 317556 496402 402970 228438 2451 1636 519038 168622  
9187:95415 371 10492 360 60401 62190 14 670059 285302 358380 19020 25 1387 188 528325 224469 341824 252542 11512 721 12023 561204 522546 639193 2888 246977 215222 9627 552972 691338 42188 685017 144 481985 409243 277894 1727 1068 341 442257 3230 614556 5346 139182 312286 320384 666430 1668 614804 31206 96851 969 660281 660989 3937 392016 2454 647343 291549 6 421619 139820 3400  
9359:129722 593438 455487 25 307652 92519 28369 686340 188 239590 14 76795 150800 127 337912 408260 313173 688703 130478 100258 8704 497243 655943 660501 58915 144 1462 14165 437 543982 360172 36661 1090 340229 458973 624613 670157 683290 393044 467093 672029 492241 617386  
9618:295904 689266 25 14 16776 3387 127 390 57177 568 11224 575437 496021 632144 692739 189102 685012 152255 482207 649831 219307 447960 286909 586922 139303 33070 280185 624587 592630 519699 673357 334573 542729 44160 73822 1695 651449 208687 395605 385534 266489 484390 7014 189 95095 539542 2236 11989 340317 2411 12944 234507 12269 243203 29870 404609 341 504815 158221 473 608095 23533 674 123647 290705 2080 638174 210343 37850 498292 33994 1086 555078 531909 145088 17676 158541 621688 97060 204205 528318 682471 384286 144 195473 234886 383251 1518 285 115641 29630 37007 216540 493050 412548 348929 352931 1187 440 573602 345813 56899 345 421933 318304 423433 135313 448 2884 115069 1461 308121 244037 409817 405217 244219  
7745:62375 5236 57936 595610 107626 34866 12621 643411 2451 14 398680 37201 582776 49391 406302 633862 481642 459202 650645 314030 400450 662315 360 516106 493788 568779 5059 585960 184066 25 350021 71160 461980 584 530153 210706 171544 674 26561 3704 351098 21713 189 23233 144639 115180 389206 15488 405253 469556 460137 530311 604472 321839 218513 531162 1233 628810  
1904:33493 2455 5197 1969 371 179270 639996 494059 246538 526356 579425 688425 144 54074 658455  
8392:241093 311210 202072 390 454313 353544 261742 12022 368131 346791 84470 596427 156537 213669 594513 313879 25 2000 14 39029 659974 338028 276 396418 633040 300954 432736 195155 1184 1 29876 2137 112978 267681 3  
486:690287 637661 683796 274482 25 103550 614984 10351 4993 209 337370 16484 325924 664702 1728 256 695223 10305  
2826:671131 35394 311186 25 1883 255 631966 5974 332495 584 14 566797 416411 571148 10053 152241 30657 371 698116 567 285 132  
9518:62342 28433 14 368425 402198 370431 301299 344421 25 97617 271325 627235 45913 398935 89002 82628 370880 584 256 500 535188 244501 41717 628742 448 117136 777 661232 236326 70743 583457 314824 144 1731 12838 518462 345 13720 68183 360 27104 68874 192637 67733 212950 2882 85 254943 21235 190795 25778 157837 143519 322435 14344 1557 44268 2675 226379 371 2885 5520 508263 155420 971 4779 266 14874 2974  
7836:390 634135 242748 14 256 169046 161446 25 69205 45967 1455 255 17320 483016 461276 526094 608 560587 481715 437 38005 504215 521669 291356 402997 87779 83831 2454 167793 2024 640511 442779 8629 127 6872 907 594912 15 584892  
9857:176388 599419 282150 573129 466831 443028 666918 364310 1052  
3143:234641 559136 92135 282146 390686 518848 318051 1729 127 179797 262775 684576 437 150077 2  
7991:199340 263191 25 275774 8990 125843 171788 3851 215935 14 9002 164054 255 27266 77504 5394 437081 184711 315806 3265 627 592805 441265 4177 16873 298896 385394 299840 322199 631914 1490 10974 4995 112210 72949 497273 557549 223486 590090 254446 8550 107923 596240 273173 653304 367158 314294 188 61 199319 256 151771 567 664734 506561 222 1141 546990 641972 393756 370122 1832 674 74052 187672 48199 284778 423390 209 360 213065 1555 144 549980 359471 205006 230738 52027 206293 62695 1492 305248 4409 122133 696760 675774 1850 261555 11476 431531 36528 1185 103412 313880  
1640:667011 662562 667595 25 1558 448 345700 250915 4157 14 2377 41995 245787 3937 345 162887 6750 1387 153589 185570 209 1449 118842 11267 674 568 683651 252959  
1233:266476 141239 615623 844 25 198172 32111 487674 209 607860 575726 6833 437 229762 487558 95989 259843 12870 351438 74120 584 541016 647567 4486 646841 324692 74573 148489 618034 480612 571456 98323 50415 14 250551 330714 4102 97057 476559 141716 254222 71844 340612 469713 331302 284222 489154 300598 62886 10013 291492 19858 604183 1167 263733 2745 180369 360848 44474 594458 436 3337 295764 302101 1243 140898 2834  
5024:2240 25 14 627465 176841 632477 2413 368282 434757 467832 5755 258416 268691 546830 154149 513578 2001 567582 19439 378897 632375 1139 4992 393471 528481 292812 427257 236430 585404 2885 44687 1393 375668 177561 10412 226705 319170 276 46686 573138 175797 439398 288864 59684 2237 256 38247 294029 622699 668378 424552 468896 427307 557706 433558 2442 409744 218562 394802 310543 285 295695 412272 412349 255 371762 4822 568244 633819 627 144 597339  
3269:591671 13404 341 25 616658 14 1052 674 157087 584290 357063 5772 1524 590859 507368 664893 2947 196746 258805 8124 215685 612962 189 276 657742 23800 89143 12374 173951 627 635865 629538 85 255145 501782 357485 6183 2577 188 302332 381913 123120 11560 1186 553675 280971 16587 446088 505215 12388 466499 477571 83168 468337 70218  
9990:104881 594137 282796 397949 390050 415467 577750 616630 555214 14 3791 428400 271256 342675 231858 25 403666 413734 320860 367208 397136 156111 263282 678864 29096 17739 8068 685578 124510  
7793:7586 662302 245189 25 158850 523358 2691 14 424162 457948 446045 12688 654092 144 294096 153431 245354 656836 536811 328466 121782 256 96374 565802 1492 14876 4267 620034 235816 5659 260761 532358  
4898:433016 47246 2128 4443 413182 25 682248 363272 9021 256 14845 118309 549727 578228 29991 464922 398235 371 477872 89190 446735 507830 14 535773 2450 489821 151103 279795 5547 223112 472977 316845 102907 47655 614771 584303 239775 171799 277673 227588 50497 456594 399435 143189 39852 157761 45035 131883 241879 431368 241770 437 9563 575111 14251 255065  
6925:283067 188 143278 189 527171 62248 48666 1236 481288 66330 304243 25 407387 132549 153803 10953 5515 211484 336039 599376 284889 675064 258233 649074 221933 250846 785 1069 167579 331741 496596 399415 14 346048 2411 520668 584 279650 271428 255 599124 678276 631129 10014 210987 347314 192155 509214 2454  
5711:136510 14472 360 500 402700 9267 411030 360539 436 297117 209 14 389420 469648 192911 238139 24837 56971 1392 393968 62787 126543 665639 426619 374244 666150 31769 261160 3110 588389 330700 456592 71745 646904 1667 1052 514687 464549 619567 237243 521082 185791 446154 6386 7560 2416 255 428587 605034 72886 627203 7269 356592 391965 392445 348651 486165 385267 386556 97754 65527 20828 481973 3148 523594 356082 166590 153416 1393 24815 107229 667 595080 14169 437 168727 594791 567 450116 567779 178814 580384 156553 577934 572065 384 17561 242732 1119 419168 15598 188 271921 1752 88414 281390 3285 242931 305578 285 595868 509067 362858 25 339331 167112 369049 585662 1781 13146 339212 569 448 341 211031 530510 216925 27363 98299 557286 675688 4128 105345 471984 565457 667199 106022 287021 304833 89655 576281 538966 13627 82567 540406 374214 195122 321399 61 2455 4464 152954 674132 483022 611993 322514 51124 102265 670615 7183 674 1547 548127 17179 618258 360281 38306 166484 496705 309040 20907 2319 573631 505607 397225 660912 138452 228281 310032 532922 681807 500548 669818  
3788:25409 617990 38358 262883 168959 129576 567 544274 388428 46805 4673 641991 511269 14 4775 25 1821 243610 636752 188 437 3332 35974 2885 121234 1551 3371 127 627055 256594 4 345 177763 513938 321578 3589 56317 268013 674 243770 2975 338335 724 61 584625 101472  
3834:625602 14 144 61 635537 11386 388912 25 326680 415391 380017 332784 85 2885 162121 55461 44949 421848 441246 426783 30209 276 199629 616110 584061 147650 210184 310655 153887 310544 574221 251063 162872 209329 2903 440 1636 28826 456115 340415 189 1516 844 138742 403218 576949 7741 326616 242479 514604 256 61188 142106 256915 311654  
1631:547117 204332 25 14 258952 256 565465 11674 266 84789 129747 609049 52173 309526 138057 578656 250525 124046 2452 230863 665950 166163 129929 431213 193721 61814 541104 126102 5370 189 3850 569196 2384 347064 124915 446828 20585 829 69398 328047 238074 112365 1185 17993 348093 4352 2423  
5804:60153 255 85 14 382722 22448 419806 25 31108 127 437 658330 24977 475873 56836 379237 5514 282009 378485 2366 21286 381130 61 188 123845 163450 306597 653257 471463 601123 570797 672858 63913 650472 525719 567257 11980 669210 438235 89298 535456 424194 8568 1691 22064 155806 67321 687557 38154 213402 286278 669677 79917 2949 479400  
7286:576805 698869 14 15452 25 444380 176439 431010 123142 276 261613 8806 228134 3936 175129 398985 473 1372 228741 1558 285 442 516786 593052 292535 617704 695680 597504 489145 617717 598346 670963 37824 632448 237286 399340 336321 630075 246566  
1384:483781 151944 329977 467681 141680 297924 9454 3300 414871 567 14 2023 448 452038 2413 31293 360 55039 341 3158 315966 584 630484 80451 39622 469784 667069 113053 285 604760 96496 98051  
6116:177861 14 1741 8596 696875 189358 558972 52079 466271 360 143377 31900 27127 5761 745 532868 37322 25 413137 189423 2110 252685 171457 10022 1622 174294 560988 437 23436 85 7676 569 352525 540197 681398 695553 686508  
4967:416465 341 414567 126311 237781 98245 541680 4280 14 448 116472 148626 382242 470968 437 162363 618984 500930 906 413 584 7972 164223 1243 6862 203085 506282 138609 63096 627 25 604988 1882 439203 532401 46700 525931 297612 550993 276 132199 546377 695679  
1698:310981 85 301117 10536 189 4465 192682 583695 13724 722 25 235246 443266 14 9809 1466 1740 523283 199860 1804 51357 561672 446893 202095 550900 254245 638583 255 17007 413 196133 98788 147892 59037 387359 458113 6981 553732  
5230:16507 14 33463 250632 25 1243 674 61 189 7636 491495 202816 204238 1428 617405 1119 2295 395156 5187 35681 144 6269 2793 199155 13730 106924 147200 237309 49537 345 473645 75960 584 602494 1585 14532 29935 1969 2803 331487 129017 2457 81009 45841 3298 206828 777 1667 384512 579831 78341 43902 151339 5511 8611 163746 30683 216640 137106 448 907 2557  
7069:294742 554567 249775 10815 48687 26693 641296 539787 227732 25 194813 59114 679163 434986 657345 225825 680673 14145 306136 653494 584576 540924 425300 563961 127534 308873 519283 453603 11160 584 231341 564275 222694 630472 567496 2727 2229 676031 14 179192 276 676177 149014 167930 534118 27830 113404 678683 362670 1649 3600 679890 597845 39324 9452 953 360 952 640251 193487 12366 495315 650973 484854 303765 266 291787 514368 395472 218077 4850 201589 304928 209 393627 443495 471923 300791  
8384:85509 554472 509195 574725 285 5340 43974 533232 377063 256 683652 561372 2167 691116 258684 363247 330743 2409 548357 325086 685360 61463 25 14 339928 184939 141234 191832 1391 449770 146472 17633 844 187955 637092 360965 778 43130 536668 163621 576031 461200 440 340217 534045 405780 496948 9857 610710 61 566751 512855 345 552413 515630 56252 425093 662218  
1332:569091 645589 384 270606 589965 2618 25 602589 285 131966 688051 1882 14 641495 188727 495143 1052 630022 634988 205045 94109 1665 6343 745 196010 437 160699 328927 50454 692402 1120 623881 197915 599227 595886 642635 61 508084 266 360 268171 89591 574181 15211 373547 470642 18047 276 530327 345732 299183 51586  
1591:554177 506051 430545 443415 656991 461419 254357 31536 574643 222 543187 529977 634492 576259 450522 37339 25 173684 14 253879 7013 67  
5156:279958 374483 65672 14 561205 626719 9572 2001 25 272444 220224 567 225487 665635 607342 209 334687 323416 503689 353994 463325 306790 355616 25347 132363 194378 310982 360 568759 20656 156485 277045 14140 669882 447363 306392 400795 659052 2203 16869 410357 2228 337567 188 726 469033 641107 435796 348344 180081 2292 253208 510079 256 597581 287457 132879 263126 194125 521426 602908 56422 93685 80182 424102 612472 518170 439056 266 57956 489820 19237 410880 66695 5791 262122 189 38197 94047 2041 352825 114358 317481 1880  
3040:587385 119055 2110 14 63878 23591 379831 407897 582014 85 222514  
7498:378423 93195 5025 297642 463125 568184 358504 235407 90272 69082 502770 482391 440637 144112 620704 232218 16093 295003 312398 22318 377386 3294 653192 725 15305 435283 189 469987 363980 523628  
7195:631686 573014 502481 529844 25 217772 844 141772 14 273581 356125 2455 127 1450 225250 630567 646445 578730 253215 563419 151755 656529 952 548304 209604 533238 317413 431068 572721 174941 16241  
5631:23359 5191 590071 194926 438677 14 651925 526020 3468 83580 411686 1622 650411 627149 654270 668208 285 17300 188 25 6860 666365 536244 692367 437 4698 2253 43901 425563 2450 681358 697391 4875 2594 399081  
2681:390 491180 8627 107653 549164 500 482038 3313 4691 436069 14 24911 46094 184221 438738 543511 42291 15372 188 636515 142179 139095 15535 65673 604006 2348 500306 32846 448 265709 341 18880 379482 2080 253685 360 85 438406 519945 390039 451013 3681 442390 25 315877 421185 390500 238123 357851 306279 320751 627250 266189 14854 554553 533030 268849 496302 352064 17969 251111 15594 357685 646900 638 2832 3332 240923 548640 3299 2947 497790 61 503470 2236 671267 969 18313 428105 540697 626424 318641 4189 1409 127 266396 2378 276 245092 611447 13388  
5608:503763 567744 68603 532367 65196 184960 432687 92304 437 25 123619 2802 14 360 684932 85 463263 456430 356488 188 967 13777 433673 584 655666 2350 210179 10059 8364 14092 287320 2453 525970 229677 7211 4517 404648 397061 117084 669511 21064 37234 234404 171214 681624 410009 61 1186 10819 614564 522853 566210 242181 411368 601251 13465 145700 16665 11608 120967 129341 546286 254850 2059 319145 642810 682332 3324 325862 598912 630940 3299 674196 606926 844 1776 15195 632175 405727 684172 1668 639488 380171 457570 3599 536354 613234 263225 350612 189 5799 552375 530979 122255 86880 644014 275008 424053 402763 362814  
2542:693087 670851 685006 650355 645681 304072 683938 1359 2240 693004 244420 572846 302702 459354 85 354757 458457 384 1552 452271 25 969 140782 494677 188317 694833 209 688465 238310 242249 483498 167586 532771 147006 2213 416415 14 643728 607803 2024 20788 23720 221871 436 1289 459564 680165 1447 656051 274760 453914 520355 363311 345 249581 17297 229783 533220 456298 443766 1750 512390 666029 308072 469657 102965 386928 577288 563283  
5701:144915 406269 2391 14 24729 214553 557997 595716 212947 2292 590442 185942  
2550:210227 342905 442894 448995 25 607559 236989 419774 20065 969 188093 320623 490109 220183 229748 235300 301261 372384 239062 284433 4995 14 1186 453270 152174 2393 437 15839 2674 2411 55174 443038 3490 187545 255365 255 468779 597595 393168 394229 366157 44645 587250 378541 255470 13465 115999 529156 363585 228438 2451 1636 596778  
1478:468363 14 584 129716 650469 453471 325837 62553 496656 443186 611957 318844 544664 2511 383450 597723 4224 131001 371 25 41914 28060 21352 377987 360 51746 191492 1694 192103 390 1750 448 320834  
2050:330726 25 641438 590863 662205 172883 511030 667974 560954 685260 14 255 236561 498165 7100 514223 258879 30095 563829 327364 572124 657638 456289 39059 58024 2793 2023 677487 686239 643525 188 433192 191536 206061 606631 354970 4030  
3855:668389 103449 602284 22568 197397 242259 15721 5469 440 594895 4914 3713 584 422433 371 77  
7661:44608 667 127 126804 134666 265538 448 5534 25 96897 345 584 1776 61 515914 98297 146641 1392 93750 357783 15291 7338 1482 293080 199659 497297 2128 14 629051 302267 309766 3078 215145 455741 85151 295442 91294 250723 313718 600541 219600 7744 50046 422909 205738 144 338914 341805 590927 133661 255 378642 228164 2770 451238 12033 608 1668 300524 284593 687352 583982 341 40666 677179 551362 3473 32062 907 4058 15332 85 34453 1183 17958 307548 296924 2397 1678 311936 1086 14640 1117 73774 3469 281180 440 266 199720 413 844 11  
5451:2240 144 25 533617 599508 20596 14 409032 2743 118668 42934 417178 659114 443662 316529 305661 79680 213225 466070 10441 330428 547372 100532 292859 450340 106766 260980 241534 480055 256 17392 32363 199001 629298 6569 75844 288586 79522 266954 209 25076 685612 321172 514569 490723 276685  
8608:1555 8787 140921 14 490944 512137 31220 25 285 584694 4417 30073 3677 412027 119451 325724 279461 344998 1217 474143 43285 69155 164891 3389 331670 127 162257 342612 95952 683141 78692 642590 21  
826:1832 544221 201594 327499 14 273463 674 248738 198064 74112 431583 554385 162937 384788 3627 1777 285 345 1119 168070 25 41510 744 3481 108674 50041 341 85 436 4782 2408 2348 3544 1182 34873 51368 136072 222 65082 264767 148940 523273 440 1515 539131 533660 553679 562982 520375 1449 357251 567 351713 1184 437 371 294433 1080  
1317:238620 24275 14 276 8875 25 2377 532977 266 440 268656 112242 285 1183 97212 5791 116520 556208 3324 1742 35058 85 371 446830 721 570710 477711 217695 139072 72109 966 132833 337197 403655 2449 445092 527919 2228 1754 632229 172451 568 640069 24731 65428 2020 549320 78419 268050 426287 508298 451352 682029 567 167508 31091 347318 421064 83804 206639 216949 345 127 153784 217983 341 313766 1168 383872 3230  
7952:101894 1052 4983 483689 567 403652 99065 25 378767 347922 297338 574769 365038 51781 1387 658786 1990 531076 32724 397528 474520 205274 637993 161117 650827 591101 312423 3163 608969 285 32424 447086 219191 341 522708 526718 668289 4256 106698 681682 14 686009 151043 302255 645668 120156 4453 415461 253880 524607 341214 552077 236204 1666 614473 92516 439182 77836 377470 17949 5511 5101 244834 64484 1866 155674 567922 501368 342715 2159 28421 268882 609 170890 555032 30138 507620 607354 288481 289342 255 247602 436 503609 69493 2802 172740 403559 216941 66397 261189 394100 683984 147184 595197 127 440 323541 190388 11055 6031 21001 387281 191843 558780 468780 52573 306620 331804 253599 666662 593829 418198 20788 530953 119692 225109 2797 1518 676078 477869 236032 26142 227837 268881 4581 672139 620996 274148 156567 2628 2384 92028 559036 283066 583645 57109 135273 511401 4494 680401 497605 2240 567288 102418 29124 183007 5203 533268 75267 437 414612 371  
9924:444341 65347 188 8842 1667 532066 256608 522841 609800 256 171351 3026 14 181420 215077 317456 454738 149700 44331 207154 516261 98950 345 269600 67533 545544 1622 3605 265639 576766 4925 584 174305 285 485593 570421 58787 152014 2846 25 1068 2393 183153  
4579:623718 786 25 171451 562120 649455 14 276 628934 691282 189945 609931 440 242372 1446 228184 71739 256992 27345 74017 11054 54048 219197 146698 184164 15323 374729 164887 441654 1782 626617 787 239082 590693 381603 311397 2165 222 278849 577702 28651 11090 150509 4526 583639 414004 404248 1182 278248 570943 379827 145922 611787 688330 403835 419410 21611  
2721:617401 28065 393227 22561 13479 244245 25 844 587453 541290 206343 24468 41976 32933 533444 308015 61 183050 14 98348 1187 510935 5875 538347 427302 266 6425 500 242676 542351 672062 13086 390 3130 286359 68074 192950 256 225786 611272  
6022:3894 260792 164306 14 519738 493966 256 621601 48548 510863 561442 3673 240017 10592 203771 480911 413 34277 1692 12533 488893 314121 25 362856 291802 685976 28450 244725 149509 1821 411951 613807 258181 140286 408937 507518 427932 225320 27685 85525 437 112626 363806 42658 58414 383982 156235 438452 32060 649811 353061 687 554105 844 426812 500 387217 494502 1690 399731 255 519312 85 439229 7284 565825 508580 525168 611140 497622 189295 636612 189 122518 1233 423574 596539 325982 665074 555389 115864 5003 2514  
9287:7265 2130 384 518516 130677 188 557410 152260 127 25 367203 299844 448077 526775 536020 337864  
3130:192114 362921 56204 241181 8998 14 391152 169938 575220 106622 186418 15  
1979:1555 4439 14 643896 424036 392135 674116 675146 844 1392 312401 25 127 365252 248666 70728 364678 668252 699279 698373 681655 690398 502692 1517 469114 278323 247297 182295 13721 67515 117616 91354 680949 694503  
4412:689028 647381 14 460580 603320 472507 53401 543157 99705 524248 584 333728 5271 563870 2321 25197 107928 616645 436 249688 653003 345403 619240  
