637207
188343
491491
544355
435166
467725
500238
204449
634924
346480
442420
491159
450514
2092
435411
577490
550150
638954
25
585766
649687
21
130108
431573
648866
4672
610353
452301
345
70215
10959
4
194818
8
428749
629507
520195
629778
496765
359867
512254
407911
482843
598517
475268
287309
8144
108961
5461
208773
384517
608152
127
112587
376062
375149
174587
665434
410158
535544
120600
422956
259039
231921
611160
368427
333719
589608
654972
529624
531232
52144
502137
481061
587781
573534
546181
635516
47520
479231
480881
565365
74432
431586
447425
514204
258700
6981
408926
551784
419812
257240
273
276
379075
2825
325470
85
3474
374463
405630
512875
454879
292964
616482
130486
424824
524318
1524
406282
3
459047
241114
7
570735
60836
606361
243647
360
552445
450872
537868
584
627552
459835
510028
317326
130418
440
252450
39723
460946
474748
215081
650516
513236
554128
651018
844
14682
336573
266029
430259
32
439417
441767
478834
641796
236498
64453
184694
439492
11292
437
82737
586515
455525
583168
536584
616733
527011
395255
647606
12870
2455
331255
664589
240100
506118
364676
61
430136
470952
66
447826
423777
455167
256
581887
376099
92616
462203
533068
293684
0
7719
387126
579684
346
452771
248294
2
549612
6
474698
2366
189
235444
561051
500
41297
382832
476802
152753
609335
437436
68965
269598
370750
502988
567
610074
629350
580158
397745
609208
448051
3286
331799
320169
646543
222
560535
11
10
413282
967
15
598536
17
16
1999
458268
277981
28575
494099
216546
351438
665395
390
674851
300293
2023
1744
538444
457888
594572
619810
548519
575141
611859
525594
616493
398091
15346
499513
624965
536729
203013
297744
539135
678293
534905
327122
476104
617771
340015
366191
586846
313312
1052
398597
467740
579473
6347
608383
542693
596347
105968
270931
4007
1
514377
2743
672679
5
327
513511
503041
364698
467374
431299
615237
16994
774
144
452420
30029
79999
347222
408959
515420
13979
84431
590441
435566
485405
418209
190679
491399
549411
554479
503080
200537
157443
4460
574773
382236
435305
401591
239894
495893
592919
410242
4664
519513
292995
543049
431501
677943
576564
623119
603956
363165
605165
70103
450583
679107
230065
652614
578416
