160354
160354
161869
161869
161869
162969
162969
162969
164233
164469
164546
166519
166594
167794
167885
168467
168532
172245
172245
172245
172245
174029
174862
175292
176540
181844
182430
182505
183542
185325
185871
185996
186185
188638
188949
190608
193823
194762
195377
197872
198216
199119
201860
202077
202908
206063
206828
207687
208546
209077
209279
211093
211403
211939
212063
213915
213915
214125
214319
215506
216921
216973
217218
217415
218898
220031
220090
220102
220471
221109
221378
223986
225412
225880
226121
226155
227714
228067
229016
229393
229405
230000
232794
232838
233829
234614
235148
235158
235578
237353
237803
238215
239147
239802
240446
241058
241772
242292
242370
243030
243547
243893
244399
244408
244464
244470
245774
245774
246794
246875
247089
247089
248776
250954
251412
251495
251515
251767
252005
252777
252977
253864
254009
254593
255114
255225
255331
255977
258092
258186
258575
259149
259284
259751
261656
264290
264710
264842
265218
265218
265536
267725
268992
269327
269438
270470
270657
270898
271095
271411
271549
272097
272551
272790
273449
273656
273732
274469
276181
277770
278229
279239
280148
280173
281779
284271
284293
286237
286285
286635
287435
288830
289189
289235
290509
290802
291698
293042
293482
294543
294625
294656
296601
296601
297523
297555
297832
297842
298416
298436
299859
300154
303043
303532
303532
303622
304234
304351
304895
306636
307812
308424
309143
309148
309505
310511
311523
311759
312256
312290
312596
312596
313239
314111
315383
315986
316653
317692
317692
317770
318552
319127
319233
319754
320081
320693
321724
322838
322876
323020
323426
324011
324100
324220
324472
324472
325064
325510
325673
325860
325865
326773
326902
327702
327776
328231
328792
328810
328865
330379
330655
330682
331115
333904
333997
334035
334395
334695
335051
335757
336878
337894
337937
337937
338282
338386
338880
338895
339573
339710
339710
339742
339894
340439
341417
341866
342127
343942
343963
344220
344250
344332
344593
344699
345544
345733
345989
346096
347699
347720
347720
347931
348008
348205
348205
348205
349020
349629
350624
351090
352926
352952
353178
353230
354458
355158
355188
356540
356599
356807
356808
356870
357019
357981
358332
358493
359588
359651
360652
360666
360795
360981
361290
361680
362640
363604
366299
366609
366723
366763
367059
367329
367337
367653
368006
368464
368785
368793
368875
369181
370234
370459
371599
371714
371928
372007
372041
372358
372485
374465
375150
375485
375914
376086
376674
377023
378000
378330
378476
378565
378818
379215
379245
380361
380608
380792
380792
380792
381194
382427
383062
383316
383520
384183
384512
385567
386308
386463
388627
389137
390327
390414
391367
392327
392904
393191
393457
394161
394484
396049
396401
396517
396633
396667
396702
397303
397553
397685
398379
398788
399366
399785
400056
400162
400887
401658
401943
401974
402051
403008
403172
403226
403696
403985
404255
404582
404746
406120
406683
407128
407140
407419
407619
408079
408675
408681
409175
409276
409472
409747
409748
409826
410314
410596
411180
411810
413018
413096
413622
414140
414142
414327
414327
414464
414639
415444
416373
417311
417406
417691
418416
418447
418669
418904
420747
421551
421570
422028
422084
422084
422454
423032
423682
424847
424856
425124
425124
425309
425309
426862
427254
428395
428828
429048
429951
430011
430929
431117
432025
432169
432169
432371
434138
434344
435101
435333
435600
435829
436190
436607
436666
437386
437921
438913
439054
439239
439552
441083
441556
442762
443314
443486
444244
444565
444654
444961
445007
445291
445494
445583
445889
446193
446225
446290
446307
446399
448818
449124
450857
451572
451619
452558
452756
454383
454788
455504
455655
455928
456108
456466
456773
457067
457067
457157
457243
457525
457754
458655
459307
459364
460075
460661
460698
460915
461738
462005
462746
462968
463169
463551
464279
464464
464557
464660
464675
465229
465726
465729
465729
465729
466562
466707
467632
467656
467670
469031
469508
469527
470419
472427
472550
473215
473601
473601
474012
474032
474073
474169
474600
474693
474954
475771
476033
476058
476264
476580
477304
477534
477672
478107
478107
478130
478344
479741
480623
480981
481251
481842
482534
482599
482644
483019
483555
484020
484620
485158
485223
485624
485628
485628
486623
486879
486881
487414
487759
489845
490081
490458
490625
490770
491516
492001
492001
492351
495241
496537
497052
497537
497758
498061
498061
498192
498809
499309
499969
500094
500606
500619
501927
504468
505823
506586
507116
508401
508801
509276
509276
509353
513400
513544
514010
514417
514880
515188
515359
516247
516354
517261
518242
518798
519056
519081
519433
519727
519839
519898
520156
520156
520357
520409
522028
522432
523048
523692
523705
525085
525464
525765
525924
527584
527760
528473
528691
533773
534421
534455
534581
536532
536576
536706
538173
539547
539785
540281
540420
540942
541812
541891
542766
542793
544137
544316
544472
546773
547537
547993
549018
549197
550095
553633
553690
555684
557157
561053
563630
564831
566209
566226
566747
566847
567240
568123
568873
568942
572739
576150
577092
577092
579831
580249
582983
583462
584804
586218
587005
588852
590168
593528
594260
594851
595023
599541
602494
605579
607540
607849
610606
611385
611385
612585
615874
616681
617800
619023
619968
628284
632827
634774
635465
635717
635896
639955
643196
643266
645459
667968
