1663.84844
2651.20823
1621.66448
1787.96037
1337.60051
1389.66199
1201.6071
1204.56255
1236.68974
1008.46288
1186.56926
2332.98447
813.42015
945.58129
940.41527
1409.71177
2260.14751
1659.89214
1981.99492
1691.72795
1649.7957
1254.56963
1228.62737
1616.78887
1481.8073
1199.67681
1253.61333
1487.70146
1235.62607
1653.82798
1081.56706
993.52782
804.44536
858.45647
2215.06792
1790.89751
1516.70427
1954.06365
976.44762
3183.61228
1132.52776
1161.61699
1515.74997
1198.70586
1946.89121
1475.78264
1716.84953
1265.63445
1383.69023
1993.97788
1302.71538
1475.74846
1657.80034
1179.59673
1357.69036
1033.51702
1065.52214
874.49834
1300.52788
1141.52495
1125.54082
973.5338
2126.06719
1570.89507
1405.75566
1093.52849
1323.61662
1428.70964
1836.8029
1115.57073
1254.56804
1118.54997
1121.58306
1046.52971
1309.60283
1076.50359
1495.78662
1668.84319
870.43468
1707.76958
1996.96904
1381.6508
1365.6386
2872.39377
1165.5855
1201.61601
1031.5988
1090.53008
1109.48979
807.39934
993.49962
847.45073
809.4406
2125.02056
1584.86565
1257.6668
1596.82659
1573.82206
1002.6082
1024.56743
1205.64141
1677.79117
1790.89751
976.44762
1956.04557
1960.90984
1161.61699
1515.74997
1198.70586
1500.70191
1874.87737
2154.96221
3332.44736
1427.67876
1441.74602
1510.74101
1734.86516
1200.55901
1030.57793
906.46752
852.40166
1372.68071
2151.07475
1533.77703
2199.14975
1654.7957
1288.6956
1242.67278
1348.69695
906.52977
1072.58794
1514.83183
1203.59477
1262.6043
1216.67754
1147.5844
2860.56435
1383.67412
986.62401
1178.57915
1523.73039
1050.55828
1436.7636
1017.48625
1324.67273
1956.97893
895.45476
918.52489
961.57353
1475.78264
1329.63762
1254.60527
1329.72673
1371.7155
1208.61638
973.5338
1107.54302
827.42919
1037.52324
3048.50095
1068.50542
831.49669
1958.98088
1659.89446
1301.63835
1615.83159
1446.69182
2798.34464
1696.83415
1869.97502
1143.63359
1620.83768
1130.59221
2313.1685
2069.93804
1754.85442
2317.0706
3180.55844
2115.02178
1708.82439
1613.8759
2307.13419
1808.90215
1164.58855
1566.88774
1300.65178
1545.76457
1982.01164
1151.55583
975.5078
1783.91709
993.57219
1531.88494
1486.71489
1110.61443
1284.71343
1334.76372
2888.39994
1542.845
1170.63481
1461.7343
1782.78923
990.52568
1538.85051
1287.69316
984.51006
902.49382
1286.68547
2096.94577
916.50878
850.46562
918.52916
918.50414
901.5067
1296.6071
1129.62859
1570.80925
1078.5147
930.49114
1243.66692
1168.51506
2227.2166
1819.8438
2145.01714
1568.7352
931.47197
1958.98088
1328.65141
1446.69182
2798.34464
1696.83415
1691.86772
1601.82012
1143.63359
1620.83768
1130.59221
1891.84697
1821.9749
1462.75102
1543.75847
1416.67778
1375.75871
2091.07671
1370.71526
1431.70513
1145.63811
1149.61418
1030.54021
1028.59905
1085.58269
2598.32114
1262.63237
1035.51714
1457.79416
964.51073
950.49535
857.50871
1015.53502
1109.54436
2107.99101
1558.85295
1698.89409
1719.93193
1977.93865
1227.65984
2054.99907
2071.00779
1825.93613
1187.60051
1313.81792
3381.69321
2400.17942
1143.75017
2199.0615
1092.5562
2788.19106
1324.69182
876.52788
935.49516
1393.81743
965.56474
1198.66631
1478.74846
1107.57048
845.50749
2510.12271
1586.76518
3264.52036
2171.02153
1157.58843
1060.56096
1121.58672
1066.49834
1065.49602
1190.60881
809.4406
897.41368
1423.66716
1572.75908
1092.56865
1470.76653
1458.83061
1157.59905
2468.19449
1573.80461
896.4868
882.43852
1443.73406
1230.66643
1957.09279
1168.58647
931.53917
1301.58332
1995.9666
1743.89133
890.45195
1647.84514
1714.91338
1048.54119
2724.3552
1382.69744
1291.58403
1021.57298
3126.4354
819.47423
1703.76738
970.59337
1072.56523
1134.55278
1345.7321
1569.83843
1216.63164
902.52989
945.53856
851.53435
1659.89214
1228.62737
1614.80571
1487.70146
1675.74094
804.44536
2097.95464
1447.72099
1748.87822
1400.72368
1991.09031
1737.83574
1754.92034
2748.34787
1596.86833
1098.61479
1461.76518
1527.75364
893.47173
1836.93376
1659.89214
1677.80608
1228.62737
1536.79888
1887.97263
1316.63506
1217.63115
1566.78679
986.51549
1397.78411
1934.0134
2055.95757
1553.83891
1568.77422
1242.67949
1450.7155
1361.74724
1645.87981
1694.85491
963.44817
901.44823
1473.79216
1829.89836
3175.49851
1445.74565
1883.88725
1411.68291
956.53813
2814.48159
1147.54741
1094.71941
884.5194
955.5255
1187.65044
1410.75208
1035.54411
1623.86162
1163.56133
1778.95237
1188.64568
2162.96562
1741.86772
2050.023
2486.18607
931.52031
1971.05948
1317.64702
1003.59239
1221.72278
1075.55193
1025.54241
818.4569
1922.89006
1429.7238
1054.56316
1094.65215
1247.57378
1321.67705
1001.53734
1071.59661
1060.55754
947.59245
1506.78093
1718.89739
1314.67656
951.47685
1619.79863
969.50035
2007.89519
2409.23564
1701.90447
906.42266
1085.62126
1487.87786
1015.57756
1756.96268
1718.87967
1824.98259
2101.13848
1622.82671
1636.86321
1401.79448
1427.76532
1286.6873
1934.92362
1209.6646
1355.75269
970.60216
1034.58708
2093.02983
1395.67607
2164.08306
1633.95036
970.56755
1453.85968
1292.61357
1395.73125
909.45909
1322.57451
1187.64128
1385.72783
4055.02529
2501.2647
2312.14433
1322.63066
937.49974
1178.57036
1000.53966
1561.68144
1160.5811
832.44072
844.51055
812.46288
1382.78118
1232.62163
1189.60979
957.5374
950.49462
1170.68498
1265.62883
1192.59783
965.53234
1082.60784
2367.28374
3330.67893
1029.52703
1337.85515
1610.84148
1701.81511
1681.82903
1698.83354
1642.83855
1383.71184
1641.79802
1637.83721
1832.87102
1699.78288
1654.81316
1258.66936
1267.65239
1210.63054
1253.63689
1668.83379
1709.86028
813.39488
1551.86504
1463.71277
1025.60063
1386.69463
852.44518
1885.92424
1445.74651
990.59679
995.50408
1221.63727
1215.66126
845.47771
2686.37162
1342.57536
2437.21982
891.52892
1528.76348
1731.86724
2325.14199
2307.11496
834.4467
2008.94951
1374.72099
1254.71135
1050.54997
819.49632
2752.47173
1217.67668
875.44664
968.52068
1763.856
1502.79485
1646.86882
1652.86211
1533.82329
1434.71684
882.5407
1429.71269
1285.72551
1226.77165
1312.68901
1099.57036
2544.2609
1486.71294
1960.03215
1524.71501
3162.50132
2596.29197
2283.16655
1973.92974
2472.31548
2409.23564
1715.9207
906.42266
1487.87786
1756.96268
1718.87967
1824.98259
985.56731
1951.97661
938.49681
1002.54564
919.48149
1290.58537
2332.09623
1608.86955
1268.75737
949.47643
1862.03611
988.58019
1741.80913
1920.0114
2905.40439
1792.86028
1816.8737
1215.66911
1421.70854
1429.76042
1386.77812
1446.77568
970.55889
1284.75066
1139.53728
866.49755
1158.65923
1940.88713
1160.61479
1441.70146
1283.62969
1394.80937
1249.59209
1227.70391
1711.80027
1668.81157
2108.10715
1392.70012
1164.70708
1265.71477
1220.70232
913.54625
1839.92485
1127.66594
1890.97087
1329.72673
1407.71147
1016.54259
1107.54302
827.42919
1203.63957
1165.58415
1457.73467
1390.70598
1401.72405
1636.8333
912.51683
1148.64446
1243.63384
1361.68987
1090.53008
1122.57671
1425.69731
1029.59477
807.39934
1301.648
1172.52214
1220.60198
809.4406
2589.40141
1917.02995
1780.8029
1259.57341
1340.80742
1106.51946
1740.94975
1698.85307
1203.64702
912.55235
2127.08794
1951.93425
1630.90544
1302.65276
1291.57805
1085.62895
1154.53008
1173.61443
1653.93913
1823.81194
1746.81365
1621.77629
938.49498
1177.61064
1763.85466
1877.92339
1664.77983
1028.53923
1473.778
1593.80351
1708.85796
1311.65044
927.50218
860.52379
1925.8687
2081.17754
1574.69036
1544.71965
1927.86699
1768.67644
1405.71794
2013.93389
959.50127
985.53154
1266.64275
818.47527
1284.64495
934.53526
1928.92021
1161.50273
1157.6707
1494.65618
1529.77458
1216.63347
2054.93515
1890.97087
1329.72673
1016.54259
827.42919
1093.5269
1203.63957
1726.95391
1530.76494
1565.67961
1751.84905
1348.61711
1950.00162
1274.69524
816.51805
975.52562
979.49864
816.48253
1405.58159
1338.70035
1574.6491
913.47899
1419.74993
1847.80852
1137.57622
1000.56609
1173.6386
827.42919
1320.67485
1501.82341
1401.73454
1173.61492
992.46886
2581.25974
1756.94963
1226.77165
1249.5728
1561.83379
1045.53435
1630.83476
2114.9583
1128.5883
1916.85147
2070.01885
1330.79204
1839.91753
868.56169
1226.7061
1295.648
985.5678
1574.78923
1129.65605
2294.16509
1420.74332
2014.99101
1195.66863
967.48412
1432.6906
1511.68535
1014.55681
988.52391
960.52367
1032.58232
1271.74773
830.46111
920.52098
921.46825
1627.88884
2529.40483
2441.26755
1408.70879
1762.78142
1733.81255
1477.6685
1766.7824
1618.69756
1291.62126
2919.41489
1368.70891
1600.83757
1419.7509
1506.74333
807.39934
1041.60552
1783.00138
1425.68913
1418.65654
1119.61406
1479.70635
