173 54 5 9.25925925926 0 0 1 4
518 17 3 17.6470588235 0 0 3 0
1407 19 1 5.26315789474 0 0 1 0
1526 31 3 9.67741935484 0 0 3 0
2583 28 3 10.7142857143 0 1 1 1
2956 29 8 27.5862068966 1 4 2 1
3069 29 7 24.1379310345 0 3 3 1
3076 20 7 35.0 2 1 4 0
3247 33 1 3.0303030303 0 0 1 0
3248 42 1 2.38095238095 0 0 1 0
3374 27 3 11.1111111111 0 0 3 0
3375 28 1 3.57142857143 0 0 0 1
3378 29 5 17.2413793103 0 1 4 0
3607 53 4 7.54716981132 0 0 1 3
3608 52 3 5.76923076923 0 0 1 2
3700 31 4 12.9032258065 1 1 2 0
3750 5 3 60.0 0 2 1 0
3857 29 1 3.44827586207 0 0 0 1
3858 31 1 3.22580645161 0 0 1 0
3890 57 4 7.01754385965 1 0 3 0
3935 27 3 11.1111111111 1 1 1 0
4116 6 3 50.0 0 2 1 0
4117 6 3 50.0 0 2 1 0
4169 32 3 9.375 1 0 2 0
4201 30 2 6.66666666667 0 0 2 0
4268 28 3 10.7142857143 0 1 2 0
4269 28 2 7.14285714286 0 0 1 1
4455 12 3 25.0 2 0 1 0
4477 7 1 14.2857142857 0 0 1 0
5050 29 5 17.2413793103 2 1 2 0
5129 56 1 1.78571428571 1 0 0 0
5147 97 1 1.03092783505 1 0 0 0
5154 27 1 3.7037037037 0 0 1 0
5298 30 1 3.33333333333 0 0 1 0
5420 15 1 6.66666666667 0 0 1 0
5595 29 8 27.5862068966 1 4 2 1
5605 18 2 11.1111111111 0 0 2 0
5792 35 1 2.85714285714 1 0 0 0
6033 32 6 18.75 2 1 3 0
6243 140 2 1.42857142857 0 0 2 0
6369 19 11 57.8947368421 5 0 2 4
6520 19 7 36.8421052632 0 1 3 3
6598 19 11 57.8947368421 5 0 2 4
6599 19 6 31.5789473684 0 0 3 3
6610 19 8 42.1052631579 0 1 3 4
6614 19 8 42.1052631579 0 1 3 4
6615 21 10 47.619047619 0 3 7 0
6618 18 5 27.7777777778 5 0 0 0
6876 34 2 5.88235294118 0 0 1 1
6942 4 1 25.0 0 0 1 0
7013 27 3 11.1111111111 0 0 3 0
7100 43 1 2.32558139535 1 0 0 0
7485 35 2 5.71428571429 0 0 2 0
7573 20 6 30.0 1 2 3 0
7647 21 6 28.5714285714 0 0 6 0
7672 20 8 40.0 1 3 4 0
7784 132 1 0.757575757576 0 0 1 0
7961 31 1 3.22580645161 0 0 0 1
8266 31 1 3.22580645161 0 0 1 0
8496 28 1 3.57142857143 1 0 0 0
8710 26 1 3.84615384615 0 0 0 1
8726 20 4 20.0 1 0 3 0
8860 33 2 6.06060606061 1 1 0 0
8958 20 1 5.0 0 0 0 1
9112 11 1 9.09090909091 0 1 0 0
9717 30 2 6.66666666667 0 0 1 1
10237 20 6 30.0 0 0 6 0
10342 55 5 9.09090909091 0 0 1 4
10924 20 9 45.0 0 3 6 0
11048 28 1 3.57142857143 0 0 0 1
11135 24 2 8.33333333333 0 1 1 0
11136 24 2 8.33333333333 0 1 1 0
11137 22 1 4.54545454545 0 0 1 0
11138 22 2 9.09090909091 0 1 1 0
11146 103 1 0.970873786408 1 0 0 0
11283 31 2 6.45161290323 0 0 1 1
11662 30 1 3.33333333333 0 0 0 1
12238 16 1 6.25 0 0 1 0
13057 20 5 25.0 5 0 0 0
13443 13 2 15.3846153846 0 0 2 0
13671 14 3 21.4285714286 2 0 1 0
14303 33 1 3.0303030303 0 0 1 0
14727 23 1 4.34782608696 1 0 0 0
15219 16 1 6.25 0 0 1 0
15913 34 1 2.94117647059 0 0 1 0
15941 20 10 50.0 0 3 7 0
16169 20 4 20.0 0 0 4 0
16224 20 8 40.0 1 3 4 0
16522 18 3 16.6666666667 0 0 1 2
17021 31 2 6.45161290323 0 1 1 0
17094 22 2 9.09090909091 0 0 2 0
17284 11 1 9.09090909091 0 0 1 0
17961 35 1 2.85714285714 0 0 0 1
18289 21 4 19.0476190476 0 0 4 0
18682 12 1 8.33333333333 0 0 1 0
19404 412 1 0.242718446602 0 0 1 0
