1054 16 3 18.75 0 0 0 3 0
1233 35 1 2.85714285714 1 0 0 0 0
2714 6 2 33.3333333333 2 0 0 0 0
2727 7 4 57.1428571429 0 0 0 4 0
2756 13 8 61.5384615385 0 0 0 8 0
2757 15 7 46.6666666667 0 0 0 7 0
2761 25 11 44.0 0 0 0 11 0
2767 78 2 2.5641025641 2 0 0 0 0
2776 9 2 22.2222222222 0 1 1 0 0
2777 10 2 20.0 0 1 1 0 0
2778 9 1 11.1111111111 0 0 1 0 0
2779 14 1 7.14285714286 1 0 0 0 0
2808 11 1 9.09090909091 1 0 0 0 0
2812 12 1 8.33333333333 1 0 0 0 0
2932 14 1 7.14285714286 0 1 0 0 0
2933 13 1 7.69230769231 0 1 0 0 0
2946 11 1 9.09090909091 0 1 0 0 0
2948 8 4 50.0 0 0 0 4 0
2976 8 1 12.5 1 0 0 0 0
2985 10 1 10.0 1 0 0 0 0
2990 36 14 38.8888888889 0 0 0 14 0
2997 40 14 35.0 0 0 0 14 0
2998 44 8 18.1818181818 0 0 0 8 0
3032 28 15 53.5714285714 0 0 0 15 0
3117 9 1 11.1111111111 1 0 0 0 0
3166 10 2 20.0 2 0 0 0 0
3209 32 13 40.625 0 0 0 13 0
3222 19 10 52.6315789474 0 0 0 10 0
3267 20 7 35.0 0 0 0 7 0
3341 13 3 23.0769230769 0 0 0 3 0
3377 20 6 30.0 0 0 0 6 0
3407 9 2 22.2222222222 2 0 0 0 0
3467 80 2 2.5 0 2 0 0 0
3468 81 2 2.46913580247 0 2 0 0 0
3613 5 3 60.0 0 0 0 3 0
3614 5 3 60.0 0 0 0 3 0
3743 13 1 7.69230769231 1 0 0 0 0
3758 8 3 37.5 0 0 0 3 0
3765 39 9 23.0769230769 0 0 0 9 0
3857 29 1 3.44827586207 1 0 0 0 0
3860 28 7 25.0 0 0 0 7 0
4065 14 3 21.4285714286 0 0 0 3 0
4092 12 4 33.3333333333 0 0 0 4 0
4097 98 1 1.02040816327 1 0 0 0 0
4332 12 1 8.33333333333 1 0 0 0 0
4401 16 1 6.25 1 0 0 0 0
4405 122 1 0.819672131148 1 0 0 0 0
4627 37 1 2.7027027027 1 0 0 0 0
4820 9 2 22.2222222222 2 0 0 0 0
4917 17 1 5.88235294118 1 0 0 0 0
5232 61 2 3.27868852459 2 0 0 0 0
5287 8 5 62.5 0 0 0 5 0
5380 22 1 4.54545454545 1 0 0 0 0
5612 35 1 2.85714285714 1 0 0 0 0
5827 19 1 5.26315789474 1 0 0 0 0
5899 8 2 25.0 1 1 0 0 0
6140 17 5 29.4117647059 0 0 0 5 0
6292 16 1 6.25 1 0 0 0 0
6449 8 3 37.5 0 0 0 3 0
6549 9 2 22.2222222222 2 0 0 0 0
6554 6 3 50.0 0 0 0 3 0
6555 6 3 50.0 0 0 0 3 0
6601 8 3 37.5 0 0 0 3 0
6622 11 3 27.2727272727 2 1 0 0 0
6627 7 3 42.8571428571 0 0 0 3 0
6785 176 1 0.568181818182 1 0 0 0 0
7102 13 4 30.7692307692 0 0 0 4 0
7455 32 1 3.125 1 0 0 0 0
8175 25 2 8.0 2 0 0 0 0
8224 4 1 25.0 1 0 0 0 0
8718 60 1 1.66666666667 1 0 0 0 0
9556 150 1 0.666666666667 1 0 0 0 0
10369 86 1 1.16279069767 1 0 0 0 0
11931 41 1 2.43902439024 1 0 0 0 0
12378 25 1 4.0 1 0 0 0 0
14122 1782 1 0.0561167227834 1 0 0 0 0
15201 9 1 11.1111111111 0 1 0 0 0
15521 43 1 2.32558139535 1 0 0 0 0
16452 14 1 7.14285714286 1 0 0 0 0
17274 27 1 3.7037037037 1 0 0 0 0
17486 37 2 5.40540540541 2 0 0 0 0
17491 11 2 18.1818181818 2 0 0 0 0
18344 53 1 1.88679245283 1 0 0 0 0
18900 19 2 10.5263157895 2 0 0 0 0
19426 41 1 2.43902439024 1 0 0 0 0
19559 12 1 8.33333333333 1 0 0 0 0
19652 26 1 3.84615384615 1 0 0 0 0
